1009830
1010552
1010726
1012047
1018024
1022591
1024049
102518
1027336
1029036
1029610
1030849
1033143
1034144
1044048
1046605
104849
1055300
106154
1063676
1065155
1067657
1070104
1070307
1070436
1072012
1072128
1076018
1080792
1082351
1082523
1083931
1087354
1088543
1089864
1090857
1092620
1093961
1094244
1096060
1096444
1096849
1097578
1102613
1103090
1105342
1105943
1107672
1110469
1119884
1120684
112504
1138841
1141479
1142028
1142777
1144273
114435
1147838
1152007
1154080
1156741
1157059
1158379
1158512
11645
1165768
1167273
1168512
1168641
1176372
1178956
1181480
1187367
1201445
1203770
120548
1205899
1207601
1209278
121220
1213712
1214114
1220809
1225697
1226581
1226596
1241984
1248911
1257826
1262728
1263003
1264539
1273024
1283894
1284000
1287365
1287402
1288776
1291922
1293188
1300795
1301767
1311013
1313587
1316024
1316380
1316891
1317563
1325958
1328042
1329298
1330439
1332079
1336577
1336955
1337532
1338113
1346374
1346750
1353284
1353470
135450
1355089
1355634
1358257
1364358
1365227
1370504
1373436
1375236
1376880
1377508
1381406
1386716
1387428
1392916
1398584
1403800
1414314
1435401
1436116
1439046
1449136
1449907
1453339
1453974
1454422
1462095
1469846
1470413
1477591
147873
1480843
1482064
1485004
1485122
148767
1488317
1491647
1494139
1494849
1496639
1498302
1508358
1509948
1514701
1517653
1519185
151989
1520525
1521699
1521819
1523387
1526809
1533013
1544032
1546268
1547338
1551443
1552427
1555943
1558331
1560135
1563833
1571295
1571613
1582252
1586036
1594139
1597316
1598594
1599516
1600079
1601477
1604091
1604655
1608463
1611674
1619806
1622494
1624117
1625487
1627834
1630828
1635783
1635900
1636549
1649466
1654640
1657148
1663870
1665053
1668753
1669507
1680894
1682573
1686185
1690700
1690870
1702920
1703404
1704190
1713223
1721697
1727559
1744510
1746183
1747
1749002
1753403
1760592
176693
1783250
1789150
1799474
1800469
1805836
1810644
1818827
18226
1822634
1828154
1828421
1832183
1835027
183985
1844211
1845420
1845765
1846006
184693
1850592
1856629
1857611
1865431
1873834
1875112
1875735
1877823
1880109
1881383
1881598
1885038
1888757
189006
1892734
1894195
1895540
1900439
1902394
1906825
1907141
1909614
1917832
1921139
1923266
1928830
1930037
1931546
1934883
1942663
1945147
1945280
1948045
1954371
1956261
1956521
1961320
1964896
1964910
1966322
1967454
1968789
1977355
1977744
1978998
1982943
1985131
1987350
1988495
1996646
2002383
2003778
2004677
2005548
2014071
2015957
2017571
2018604
2018911
2020650
2021683
2035879
2047311
2048678
2051027
2059821
2063411
2069537
2075024
2076363
2078548
2082169
2083005
2087514
2090052
2091283
2091968
2099909
210095
2101248
2101330
2103010
2106416
2106923
2110733
2110887
2112888
2113653
2113933
2115177
2115699
2120422
212288
2127515
2129658
2134028
2134585
2139625
213963
2141995
2142739
2143370
2149767
2150215
215301
2159198
2159454
2162998
216411
2164405
2165348
2170020
2171859
2173118
2174250
2183398
2183928
2184758
218695
2190510
2191817
2198138
2198777
2202152
2206007
2207054
2212622
2213037
2216027
2217020
2217470
2221787
2225670
2228467
2228935
2233249
2233549
2238966
2239166
2239268
2240416
2243672
2247037
2247103
2263412
2263979
2264866
2267728
2270761
2270920
2281075
2281125
2283056
228586
2287061
2289380
2291933
2293306
2293333
2297010
2302423
2303574
2304069
2304870
2313354
2315885
2318108
2318341
231906
2324372
2325093
232560
2326436
233547
2336163
2337520
2337620
2337787
2343708
2349126
2352972
2354757
2356846
2358145
2358855
2364085
2366338
23665
2377295
2379179
2380025
2390335
2391692
2391963
2392620
2393187
2400561
2401623
2401664
2404259
2406908
2412410
2414282
2414730
2416398
2416935
2417133
2428657
242868
2434575
2434783
2435973
2438855
2446303
2448496
2452864
2456758
2458496
2463729
2465526
2466628
2466779
2467813
2475352
2493568
2502205
2505277
2513260
2517891
2518137
2524493
2525044
253061
2532241
2537216
2537636
2540400
2549267
2549806
2551667
2553377
2558991
2559008
2563790
2565049
2570504
2572826
2574326
2578964
2582664
2582669
2583572
2586187
2594106
2595299
2595843
2596057
2598182
2599680
2602934
2605451
2609597
2612030
2612102
2618823
2619471
2621586
2622151
2628404
2629274
2631059
2633229
2634249
2635177
2637661
2637982
2643248
2643403
2644699
2645804
2652695
2657113
2661467
2664960
2664999
2672488
2673900
2679923
2679926
2691086
2692144
2694538
2695275
2696563
2698745
2698788
2703278
2704409
2706702
2707118
2709706
2711403
2712197
2725541
2725800
2727285
2728571
2731069
2731075
2731468
2738922
2743109
2745383
275109
2751197
2756248
2756315
2757736
2758052
2758595
2758876
2760087
2764327
2766265
2769563
2771094
2773268
2785558
2791243
2795008
2795769
2796018
2797677
2798050
2798578
2800696
2800712
2802312
2802658
2804873
280880
2814264
2815738
2816047
2819942
2821283
2822
2822761
2823109
2825683
2827441
2837872
2838768
2839702
2840894
2842067
2842524
2846743
2847192
2848358
2850103
2850443
285689
2863539
2863627
2870432
2872754
2872956
2873552
2875243
2875727
2875977
2882543
2885768
2891115
289400
2896535
2905576
2907053
2908540
2911167
2914791
2917096
2919482
2925567
2926234
2926768
2929158
2929568
2932816
2934699
2934806
2935719
2937059
2939163
2940748
2942669
2943677
2944814
2945412
2947457
2950442
2950926
2952142
2953062
2953516
295630
2958641
2961892
2967911
2969999
2972947
2975106
2975661
2979470
2979877
2980236
2980683
2982390
2983969
2984282
2984931
2993317
2994176
2994699
2996032
2997323
2997908
2998872
3003593
3006991
3013614
3014863
3019127
3028681
3031285
3038145
3041046
3042779
3045916
3046262
3047166
3050751
3053111
3053450
305458
3055358
3059685
3060179
3061442
3066913
3069913
3072622
3076927
307710
3078763
3078957
3079541
3080160
3081607
3083043
3094513
3094997
3095815
3097172
3099206
3100953
3101157
310870
3114540
3125067
3134054
3137651
3142649
3144977
3149089
3149603
3149668
3154995
3157477
3173980
3177082
3184804
3190018
3195999
3201927
3205432
3208039
3209381
3209570
3211432
3211936
321370
3222066
3222070
3222551
3222676
3222912
3223578
3227554
3229414
3238786
3240552
3242125
3243539
324410
3245688
3251597
3252793
3257185
3263891
3267622
3269035
3269104
3269903
3270047
3272387
3273331
3273896
3280092
3281861
3282798
3283663
3283938
3288756
3290338
3293966
3296022
3300958
3302129
3305470
3305982
3312792
3315154
3318433
3319906
3323198
3323519
3325710
332682
3330179
3331148
3332079
3333393
3334468
3334800
3336834
3344676
3345200
3345559
3348084
3349962
3351461
3352138
3359094
336163
3362414
3378130
3390356
3393324
3396235
3397287
3397401
3405575
3405991
3407073
3407699
3413734
3414753
3417028
3418152
3419445
3422763
3423201
3423859
3426091
3426164
3427000
342821
3429802
3431101
3431707
3432173
3432559
3433262
3433628
3443007
3443392
3444869
3445295
3447201
3448493
3448995
3451726
3454224
3455808
3456007
3456520
3460766
3462968
3463660
3465079
3465198
3473674
347426
3476209
3477236
3478745
3480197
3485014
3499088
3500226
3502108
3502731
3505724
3506423
3507333
3509505
3514552
3514738
3516652
3518719
352001
3520472
3521613
3523586
352619
3528603
3528697
3529858
3532699
3534031
3534106
3536984
3539229
3539666
3542704
3542862
3543005
3546071
3546929
3549183
3552796
3554493
3556034
3556080
3559183
3559456
3560440
3565230
3567065
3571404
3573867
3575110
3576439
3576822
3579464
3580546
3583324
3584418
3588972
3591202
3593780
3594024
3595261
3596757
3596791
3597505
3597522
3599639
3599918
3607951
3608810
3611507
3612607
3617070
3619902
3621607
3621721
3624905
3625687
3626616
3630380
3631257
3637641
3640097
3642490
3645745
3646358
3648440
3648742
3652338
3653093
3656022
3657831
3662055
3663137
3667959
3669915
3670374
3670703
3672164
3674928
3675286
3675785
3678815
3680308
3680473
3682263
3686497
3686500
3686779
3689584
3689997
3692443
3693958
3694568
3696464
3697623
3698379
3701406
3701592
3706928
3710556
3710713
3711383
3712254
3712604
3714891
3715030
3715144
37194
3720789
372241
3722644
3725073
3725129
3725199
3725545
3728058
372842
3732337
3733152
373642
3740812
3741419
3746007
3746168
3746405
3747380
3747967
3748369
3749184
3750174
3752560
3753661
3754299
3755632
375719
3757285
3758336
3758752
3759834
3759952
3760179
3760710
3764799
3769276
3769361
3771590
3774610
3778185
3779537
3781237
3782351
3783022
3785363
3787754
3787821
3788819
3789017
3789442
3789859
3792335
3793391
37935
3793668
3795295
3795559
3795592
3795598
3796274
379739
3800308
3800391
3801087
3801367
3806364
3806467
3806778
3808301
3809343
3809686
3811486
3813961
3815119
3815267
3818582
3821325
3821865
3823896
3824871
3825106
3825735
3826025
3826514
3828021
3828320
3833703
383376
3837994
3838683
3839024
3839663
3840149
3840665
3840916
3843727
3846921
3847012
3850276
3851737
3852600
3852755
3853433
3853438
3855587
3857823
3859038
3862005
3862538
3862573
3863217
386347
3865584
3867846
3870667
3871014
3871987
3871996
3872653
3873884
3874472
3874485
3876295
3877446
3877788
3878849
3879111
3879343
3880237
3880412
3880675
3884181
3885426
3885743
3885955
3887178
3889050
3889815
3892739
3893356
3893372
3893583
3893721
3894275
3894768
3896745
3896782
3897552
3897589
3897978
3899801
3900092
3900423
3901621
3902910
3903196
3904528
3905262
3906307
3906862
3908376
3909259
3911629
3912001
3912981
3915142
3915284
3915737
3917759
3918133
3918424
3919525
3919954
3922077
3924160
3924320
3925452
392752
3928831
3931578
3932456
3935529
3937358
3938013
3938624
3939036
3939157
3939705
3940616
3942274
3943420
3943871
3945331
3947403
3949312
3950827
3951424
3954554
3954679
3956732
3957773
3958220
3959658
3960120
3960573
3961143
3961342
3961506
3961743
3962718
3965000
3966172
3967459
3967610
3968887
3970861
3975146
3975549
3975851
3977779
3978587
3978596
3978904
3978947
3979249
3979578
3980398
3981044
3981418
398212
3983502
3983695
3984179
3986422
398706
3987196
3988390
3989392
398967
3989750
3990235
3991120
3991305
3992467
3992524
3995619
3996845
3998595
3998601
4000380
4000457
4000524
4000958
4001158
4001929
4002336
4003567
4004055
4005708
4006067
4006136
4008604
4009342
4010209
4010545
4011219
4011895
4013317
4013735
4013826
4015019
4015774
4016063
4016191
4016797
4017190
4017344
4018531
4020863
4024876
4025791
4026483
4027833
4031059
4031953
4032597
4032878
4033662
4035797
4036585
4037016
4039225
4040185
4040573
404285
4042941
4043133
4043991
4045686
4045782
4046741
4047448
4047654
4048148
404828
4049167
4049400
4050234
4052895
4052955
4053425
4053538
4053668
4053710
4054585
4054842
4055926
4056409
4057047
4057595
4058399
4058699
4061362
4061607
4062581
4063792
4064608
4065289
4066451
4066621
4067070
4067219
4067299
4067906
4068606
4068833
4070297
4070776
4070969
4071474
4071768
407184
4072415
4072435
4072653
4074546
4074761
4075252
4076517
4076705
4076797
4079011
4079454
4080003
4080007
4081041
408182
4082272
4083156
4084607
4084770
4087199
4087295
4088918
4088971
4089279
4089545
4092582
4093130
4093558
4095329
4098877
4099669
4099856
4100079
4100980
4101898
4102686
4102889
4102957
4103223
4104368
4104618
4104873
4106420
4107071
4107771
4108753
4109501
4110051
4111103
4111439
4112062
4113923
4114275
4115548
411563
4115928
4116731
4116734
4120149
4120551
4120995
4125870
4126835
4129576
4130125
4130267
4131239
4131399
4131639
4132481
4132749
4132918
4133097
4133353
4133509
4134302
4134726
4135137
4136473
4136902
4137015
4137104
413796
4139842
4139936
4141612
4143024
4143097
4143744
4143789
4143947
4144026
4144710
4146378
4146380
4146472
4147831
4147836
4148712
414893
4149124
4151211
4151415
4152711
4153116
4154747
4155029
4155710
4155813
4156315
4156596
4156926
4156931
4157109
4157329
4157487
4158085
4158762
4159279
4159866
4160064
4162741
4163462
4164052
4164121
4165765
4166922
4167968
4169046
4169716
4169980
4170800
4170981
4171125
4171374
4171531
4173469
4174007
4175380
4175409
4177689
4179087
4180076
4182331
4182796
4184819
4185577
4187046
4187736
4188211
4188700
4190034
4190079
4190217
4190356
4190587
4190810
4191550
4191889
4192
4192070
4192137
4192849
4193221
4193303
4193441
4193836
4194633
4195329
4196139
4196844
4196930
4197367
4198745
4198794
4200209
4200394
4201114
4201454
4201641
4201837
4203504
4204732
4204748
4204820
4205229
4206397
4206583
4207386
4208050
4208606
4208734
4209866
4210703
4211229
4211604
4213478
4213654
4213701
4214998
4215191
4215273
4215542
4216597
4217667
4217740
4220095
4220637
4221131
4223585
4223987
4224787
4225290
4227054
4228422
4228541
4228999
4229583
4230586
4231032
4231523
4231844
4233589
4234379
4235148
4235801
4236592
4236892
4237055
4237560
4238190
4238266
4238621
4238787
4238974
4239520
4240489
4241030
4241247
4241266
4241852
4243787
4244237
4244341
4245261
4245559
4245810
4246061
4246135
4246655
4248198
4248584
4248806
4251351
4251615
4251927
4252198
4253447
4253527
4255075
4256423
4257025
4258466
4258952
4259917
4260090
4260173
4260694
4261247
4261323
4262515
4263805
4263957
4266706
4266765
4266871
4267145
4267279
4267332
4267415
4267505
426986
4270565
4271309
4271385
4271588
4273042
4274472
4274576
4274641
4274701
4274991
4275975
4277281
4278600
4279840
4279883
4280549
4280645
4281132
4281172
4281289
4281788
428269
4283635
4283891
4283902
4284594
4285124
4286032
4286260
4286825
4287838
4288989
4289082
4289185
4289235
4289433
4290614
4290856
4290932
4291051
4292826
4293905
4295316
4295769
4295876
4296076
4296116
4296487
4296521
4296527
4296849
4297028
4299853
4300148
4300332
4301603
4302074
4302147
4302489
4305073
4305621
4306425
4307435
4307798
4308360
4308385
4308674
4308675
4309635
4309891
4310593
4310784
4313844
4315073
4315676
4315833
4316078
4316093
4316200
4318058
4318078
4319470
4319816
4321299
4323279
4323570
4323870
4326899
4327264
4328104
4328630
4329954
4331374
4331425
4332472
4333761
4333829
4333900
4334119
4334132
4334802
4335373
4336043
4336098
4338178
4338441
4338650
4339379
4339686
4340090
4341647
4341672
4342427
4342474
4343913
4344609
4345336
4346021
4346231
4346389
4346586
4347459
4347897
4348742
4349300
4352538
4353604
4354064
4355708
4356301
4358001
4359106
4359119
4359190
4359248
4359763
4360785
4361123
4361248
4363184
4363404
4363842
4364089
4364659
4365424
4365690
4365965
4366989
4367066
4369232
4371084
4371969
4372542
4372802
4373475
4375253
4375329
4376155
4376468
4376992
4377088
4377549
4378187
4378422
4379397
4380181
4380429
4380711
4381519
4382238
4382305
4382625
4382772
4385606
4385937
4386879
4387097
4387678
4388119
4389220
4389781
4396348
4397749
4398024
4398345
4398434
4398501
4399007
4399317
4399756
4399809
4400000
4400268
4401225
4401435
4401713
4402046
4402273
4402367
4402708
4402904
4402981
4404317
4405090
4406234
4406389
4407585
4407759
4409005
4409021
4409975
4410417
4410570
4410607
4411174
4411321
4411790
4411810
4412998
4413387
4414936
4415192
4416332
4417406
4417872
4417996
4418274
4418587
4418604
4418810
4418872
4418932
4421896
4422432
4422606
4422880
4423225
4425901
4426140
4426402
4427451
4427526
4427541
442837
4429032
4429730
4430252
4432116
4432861
4435193
4435635
4436536
4437589
4437638
4438708
4438856
4440215
4440466
4441359
4442037
4442809
4442817
4443991
4445360
4447289
4447786
4447890
4448725
4449250
4449694
4450241
4450498
4450753
4451334
4452027
4452714
4454747
4455468
4456651
4456717
4458264
4458383
4458913
4459202
4459977
4460169
4460215
4460621
4461379
4461961
4461964
4462151
4462533
4463259
4465617
4465856
4466762
4468268
4468817
4469101
4469535
4469691
4470141
4470390
4471023
4473001
4473321
4473409
4473457
4474068
4474497
4475202
4475698
4476192
4476361
4476669
4477170
4477438
4478067
4478245
4479260
4479764
4479828
4480412
4480494
4480759
4480991
4481246
4481368
4481577
4482383
4482762
4483168
4483339
4483966
4484053
4485275
448536
4485519
4485580
4485669
4487054
4487058
4487109
4487962
4488818
4488829
4488930
4489109
4489182
4489618
4490055
4490552
4490955
4491302
4491431
4492292
4492820
4493369
4493486
4494341
4494382
4494391
4494468
4494958
4495709
4496651
4496724
4496830
4496881
4499037
4499983
4500042
4500192
4500294
4500318
4500349
4500574
4500928
4502020
4502615
4503095
4503201
4503470
4504850
4504887
4505423
4505661
4505689
4506387
4506609
4506943
4507069
4507177
4507574
4507754
4508303
4508862
4509631
4509710
4510282
4510409
4510490
4511374
4511696
4511744
4512114
4512121
4512330
4513212
4514595
4514720
4514985
4515037
4515331
4515388
4516174
4517952
4518190
4518416
4518475
4518516
4518844
4519704
4520481
4521409
4521593
4521700
4522734
4522898
4523380
4523415
4523479
4524194
4524456
4525396
4525649
4526634
4526718
4526846
4526952
4527061
4527066
4527352
45273521
4527690
4527937
4528782
4530022
4530030
4530058
4530133
4530220
4530598
4530931
4532200
4532315
4533306
4533350
4533950
4534086
4534259
4534344
4534697
4535352
4535431
4535970
4536984
4538925
4539073
4539297
4539695
4539878
4540078
4540093
4540408
4540876
4541075
4541602
4541833
4541873
4542041
4543081
4544637
4545035
4545216
4545228
4545300
4545369
4545502
4545663
4545695
4546103
4546706
4547305
4547399
4547730
4548269
4548437
4548627
4548804
4548936
4549117
4549342
4552275
4552308
4552515
4552583
4552843
4553187
4553712
4554619
4554806
4554985
4555240
4555638
4556254
4556285
4556512
4556569
4557340
4557597
4557695
4557773
4557849
4558727
4559393
4559865
4560637
4560816
4560853
4560931
4561771
4561925
4562065
4562775
4563008
4563116
4563224
4563643
4563720
4563793
4564649
4564656
4565123
4565149
4565422
4566117
4566681
4566739
4567400
4567633
4568269
4568906
4569459
4569646
4570127
4570243
4570456
4570468
4570781
4571159
4571634
4571972
4572174
4572917
4573065
4573130
4573527
4573755
4573790
4574517
4574587
4574634
4574669
4575590
4575788
4575932
4576149
4576323
4577128
4577735
4578208
4578393
4579965
4580849
4580954
4581152
4581487
4581769
4581796
4581804
4581870
4582406
4582529
4582723
4582901
4583059
4583122
4583291
4584093
4584643
4584975
4585322
4585335
4585359
4585596
4585840
4585899
4586051
4586137
4586308
4586369
4586375
4587292
4587677
4587818
4588383
4589192
4589200
4589246
4589745
4589797
4590167
4591088
4591178
4591661
4591756
4591869
4591911
4592296
4592665
4592972
4593072
4593251
4593409
4594044
4594051
4594115
4594116
4594493
4594573
4594939
4595115
4596217
4596346
4597151
4597493
4597617
4597621
4597846
4598059
4598105
4598237
4598302
4598402
4599022
4599102
4599741
4599924
4600489
4600522
4600767
4600954
4601038
4601225
4601355
4601407
4601523
4602017
4602518
4602592
4602757
4603664
4603670
4603739
4603772
4604757
4605990
4606242
4606779
4606898
4607026
4607467
4607518
4607849
4608437
4608481
4609296
4609336
4609515
4609918
4609965
4609970
4610245
4610444
4610530
4610614
4611196
4611326
4611384
4612927
4613081
4613210
4613259
4613868
4614587
4614838
4615249
4615721
4615864
4615989
4616152
4617479
4617800
4618077
4618364
4618412
4618530
4619206
4619583
4620024
4620330
4620792
4621030
4621859
4622077
4622793
4622831
4622933
4623014
4623171
4623178
4623585
4623717
4624669
4625226
4625357
4625502
4625913
4625918
4625975
4626342
4626663
4626902
4626929
4627021
4627282
4627920
4628359
4628432
4629013
4629055
4629195
4630016
4630187
4630629
4630882
4631425
4631966
4632039
4632757
4632788
4632982
4633089
4633647
4634240
4634495
4634989
4635078
4635493
4635916
4636210
4636551
4637304
4637736
4637748
4638064
4638212
4639277
4639702
4640019
4640110
4640310
4640436
4641552
4642456
4642513
4642819
4642929
4642987
4643277
4643751
4643774
4643824
4643874
4643939
4644041
4644191
4644314
4644367
4644457
4644511
4644801
4645183
4645271
4645806
4645994
4646029
4646121
4646160
4646718
4646854
4646873
4646908
4647740
4647977
4648333
4648584
4648586
4649224
4649679
4649962
4649986
4650112
4650178
4650194
4650197
4650259
4650611
4650817
4651113
4651336
4651447
4651491
4651585
4652215
4652976
4654639
4654696
4654710
4655186
4655558
4655710
4655800
4656060
4656166
4656345
4656744
4657114
4657291
4657316
4657622
4657886
4658242
4658758
4658937
4660021
4660506
4660680
4660865
4660945
4661033
4661150
4661262
4661293
4661394
4661824
4662226
4662232
4662268
4662472
4662488
4662569
4662698
4662749
4662801
4662843
4663054
4663072
4663181
4663200
4664125
4664267
4664290
4664548
4664622
4664691
4664999
4665136
4665208
4665389
4665675
4666237
4666603
4666630
4667137
4667142
4667305
4667815
4668761
4668813
4668948
4668996
4669485
4669543
4669844
4670156
4670196
4670638
4670735
4671246
4671541
4671556
4671881
4671945
4672360
4672361
4672448
4672739
4673007
4673173
4673379
4673793
4673929
4674091
4674130
4674444
4674606
4675047
4675133
4675210
4675266
4675528
4675865
4675943
4676195
4676260
4676463
4676654
4676760
4676976
4677381
4677409
4677416
4677456
4677589
4677615
4677870
467789
4677914
4677930
4678287
4678344
4678645
467901
4679197
4679313
4679693
4679960
4680182
4680193
4680272
4680588
4680671
4680757
4680761
4680796
4680913
4680964
4680986
4681319
4681351
4681446
4681487
4681758
4681978
4682144
4682303
4682331
4682790
4682976
4683002
4683029
4683288
4683795
4683851
4683987
4684167
4684417
4684980
4684995
4685067
4685156
4685222
4685273
4685463
4685761
4686005
4686041
4686259
4686532
4686778
4686814
4686844
4686928
4687102
4687176
4687253
4687499
4687684
4688375
4688497
4689154
4689722
4689936
4690037
4690569
4690634
4690802
4691389
4692007
4692130
4692263
4692379
4692429
4693121
4693163
4693564
4693769
4693771
4694184
4694258
4694297
4694511
4694605
4694709
4694724
4694892
4695115
4695207
4695614
4695760
4696079
4696208
4696219
4696273
4696456
4696498
4696530
4696671
4696754
4696785
4696795
4696983
4697075
4697245
4697515
4697608
4697773
4698190
4698964
4699550
4699573
4699608
4699787
4699791
4700335
4700362
4700387
4700726
4700883
4700969
4701107
4701734
4701769
4702389
4702503
4702519
4702759
4702998
4703115
4703182
4703282
4703471
4703727
4704048
4704347
4704441
4704743
4705351
4705474
4705805
4705931
4706182
4706636
4706793
4706847
4707177
4707272
4707549
4708267
4708454
4708512
4709073
4709198
4709316
4709402
4709609
4709956
4710027
4710063
4710333
4710400
4710416
4710514
4710551
4710695
4710733
4710742
4711328
4711383
4711454
4711535
4711710
4711773
4711784
4711886
4712759
4712984
4713013
4713138
4713255
4713973
4714566
4714768
4715092
4715098
4715455
4715479
4716032
4716034
4716073
4716229
4716426
4716549
4716579
4716687
4716820
4716885
4717210
4717317
4717517
4717541
4717715
4717845
4718292
4718527
4718863
4718929
4719090
4719155
4719401
4719461
4719742
4719802
4720089
4720250
4720718
4720792
4720921
4721113
4721159
4721289
4721318
4721347
4721356
4721403
4721494
4721646
4721675
4721688
4721718
4721735
4721742
4721762
4721764
4721771
4722301
4722412
4722635
4722822
4723044
4723371
4723405
4723419
4723508
4723742
4723837
4724333
4724395
4724478
4724608
4724664
4724668
4725078
4725144
4725238
4725457
4725564
4725688
4725727
4725866
4726488
47266
4726768
4727178
4727848
4727954
4728262
4728868
4729623
4729660
4730203
4730949
4730992
4731255
4731658
4731798
4731880
4732042
4732063
4732178
4732228
4732305
4732456
4732670
4732815
4733271
4733473
4733618
4733916
4733988
4734227
4734496
4734582
4734891
4735114
4735413
4735447
4735944
4736143
4736646
4736697
4736713
4737454
4737467
4737489
4737845
4737886
4738317
4738578
4738879
4739111
4739293
4739295
4739519
4739717
4739896
4740101
4740250
4740309
4740414
4740697
4740714
4740860
4740941
4741176
4741482
4741519
4741578
4741780
4741879
4741950
4742053
4742147
4742156
4742166
4742303
4742633
4742875
4742978
4743157
4743183
4743194
4743284
4743373
4743623
4743723
4743792
4743812
4743925
4744193
4744514
4745139
4745217
4745254
4745387
4746028
4746477
4746762
4746825
4746951
4746963
4747175
4747200
4747203
4747209
4747218
4747229
4747937
4748078
4748125
4748173
4748634
4748718
4748772
4748806
4749020
4749310
4749661
4749962
4750106
4750128
4750331
4751015
4751053
4751523
4751689
4751757
4751813
4751915
4752078
4752817
4753032
4753183
4753231
4753251
4753609
4753613
4753882
4754007
4754069
4754286
4754447
4754481
4754659
4754680
4755096
4755309
4755662
4755696
4755831
4755832
4755849
4755941
4756116
4756128
4756538
4756591
4756958
4757189
4757838
4758008
475812
4758206
4758226
4758495
4758578
4758591
4758761
4759083
4759571
4759678
4759741
4759778
4760003
4760079
4760292
4760437
4760540
4760998
4761057
4761075
4761135
4761260
4761581
4761758
4761962
4762200
4762241
4762515
4762550
4762559
4762610
4762732
4763041
4763766
4764030
4764154
4764179
4764230
4764311
4764501
4764543
4764599
4764640
4764744
4764750
4764757
4764765
4764794
4765149
4765170
4765311
4765423
4765432
4765718
4765816
4765870
4765967
4766044
4766104
4766430
4766534
4766573
4766720
4766942
4767017
4767072
4767091
4767393
4767615
4767646
4767725
4767830
4767984
4768415
4768507
4768558
4768815
4768858
4769003
4769102
4769259
4769413
4769510
4769615
4769652
4769740
4769796
4769807
4770153
4770446
4770526
4770709
4770853
4771083
4771262
4771396
4771399
4771416
4771525
4771540
4771548
4771641
4771713
4772077
4772167
4772357
4772377
4772473
4772592
4772792
4772811
4772897
4774288
4774490
4774510
4774819
4774924
4775383
4775513
4776143
4776200
4776461
4776463
4776493
4776860
4777014
4777518
4777602
4777956
4777977
4778023
4778081
4778191
477823
4778453
4778553
4778584
4778901
4778974
4779014
4779105
477916
4779274
4779320
4779388
4779472
4779505
4779990
4780382
4780496
4780820
4781001
4781684
4781994
4782311
4782546
4782580
4782638
4782651
4782933
4782957
4782966
4783261
4783365
4783431
4783561
4784141
4784407
4784647
4784719
4784939
4785260
4785423
4785517
478593
4785931
4786163
4786394
4786595
4786664
4786682
4786746
4787126
4787141
4787336
4787507
4787670
4787734
4787883
4788172
4788185
4788247
4788451
4788673
4788811
4788812
4789131
4789209
4789444
4789530
4789602
4789623
4790191
4790193
4790516
4790649
4790928
4791081
4791173
4791405
4791535
4791827
4792197
4792198
4792227
4792328
4792378
4792521
4792615
4792710
4792833
4792963
4793043
4793225
4793262
4793330
4793438
4793461
4793866
4794007
4794172
4794545
4794907
4795011
4795043
4795071
4795160
4795567
4795886
4795889
4795920
4796043
4796344
4796438
4796454
479669
4796857
4797001
4797093
4797173
4797308
4797824
4798048
4798333
4798522
4798556
4798671
4798906
4799294
4799369
4799614
4799700
4799811
4799903
4799960
4800096
4801012
4801153
4801307
4801463
4801660
4801744
4801753
4801830
4801889
4801952
4802019
4802259
4802303
4802443
4802795
4802903
4803137
4803214
4803585
4803707
4803749
4803750
4803889
4803978
4804366
4804453
4804670
4804852
4805104
4805112
4805145
4805158
4805220
4805451
4805460
4805671
4805980
4806155
4806473
4806740
4806811
4809517
481206
4817180
4817267
4818234
4818880
4819350
4819396
4819420
4819662
4819774
4819973
4820049
4820076
4820521
4820876
482090
4821243
4821250
4822096
4822125
4822457
4823841
4828855
4831478
4832365
4832448
4832969
483298
4833019
4833042
4833133
4833260
4833339
4833408
4833547
4833788
4834199
4834334
4834348
4834395
4834704
4834753
4834869
4834874
4834907
4834999
4835176
4835298
4835446
4835660
4835776
4836003
4836009
4836253
4836560
4836610
4836821
4836997
4837208
4837272
4837346
4837364
4837490
4837666
4837673
4837978
4838192
4838259
4838518
4838631
4838652
4838874
4839097
4839100
4839179
4839242
4839343
4839431
4839615
4839712
4839733
4839772
4839815
4839888
4840075
4840179
4840189
4840270
4840434
4840437
4840516
4841035
4841262
4841458
4841557
4841581
4841649
4842323
4842702
4842924
4843138
4843768
4844056
4844110
4844119
4844248
4844262
4844273
4844286
4844312
4844326
4844374
4844450
4844466
4844470
4844604
4844866
4844900
4844934
484494
4845002
4845300
4845332
4845427
4845558
4845577
4845830
4845892
4846102
4846248
4846519
4846540
4846573
4846677
4846815
4846842
4846924
4846970
4847116
4847220
4847424
4847455
4847517
4847631
4847721
4847969
4848253
4848373
4848408
4848548
4848692
4848806
4848814
4848897
4849062
4849189
4849432
4849511
4849908
4849982
4850125
4850330
4850587
4850789
4850893
4851016
4851034
4851045
4851138
4851199
4851438
4851515
4851606
4851813
4851848
4851864
4852197
4852321
4852454
4852735
4852810
4853052
4853053
4853518
4853531
4853537
4853646
4853741
4853836
4854192
4854768
4854925
4855020
4855130
4855241
4855319
4855408
4855755
4855835
4856050
4856087
4856113
4856156
4856306
4856407
4856504
4856527
4856686
4856821
4856918
4857055
4857083
4857146
4857152
4857350
4857410
4857550
4857568
4857648
4857911
4858027
4858304
4858545
4858572
4858620
4858808
4858874
4858900
4858959
4858997
4859017
4859129
4859186
4859266
4859283
4859508
4859530
4859676
4860069
4860111
4860398
4860487
486050
4860627
4860653
4860695
4860876
4861200
4861282
4861308
4861533
4861599
4861635
4861638
4861654
4861692
4861774
4861776
4861794
4861796
4861862
4862000
4862408
4862687
4862749
4862810
4862935
4863041
4863247
4863296
4863361
4863513
4863528
4863571
4864345
4864443
4864450
4864525
4864668
4864825
4865124
4865815
4865816
4866017
4866033
4866475
4866541
4866651
4866700
4866836
4866963
4867033
4867085
4867265
4867269
4867434
4867596
4867714
4868032
4868040
4868148
4868305
4868308
4868415
4868575
4868737
4869237
4869404
4869492
4869833
4869848
4869917
4869976
4870283
4871014
4871430
4871471
4871681
4871787
4871815
4872051
4872089
4872226
4872238
4872343
4872372
4872396
4872505
4872579
4872599
4872671
4872700
4872830
4872967
4873001
4873045
4873411
4873445
4873639
4873655
4873674
4874083
4874638
4874853
4874974
4875187
4875213
4875293
4875305
4875343
4875385
4875392
4875455
4875555
4875805
4875895
4875979
4876062
4876076
4876108
4876126
4876135
4876150
4876156
4876326
4876355
4876458
4876495
4876537
4876616
4876629
4876710
4876766
4876802
4876803
4876871
4877293
4877306
4877386
4877504
4877517
4877721
4878085
4878123
4878172
4878209
4878405
4878488
4878545
4878791
4878801
4878853
4878994
4879038
4879192
4879208
4879666
4879680
4880010
4880123
4880158
4880164
4880197
4880384
4880385
4880480
4880646
4880668
4880757
4880820
4880864
4880890
4881217
4881468
4881499
4881561
4881632
4881720
4881732
4881996
4882024
4882089
4882171
4882213
4882343
4882477
4882724
4882812
4883061
4883097
4883198
4883204
4883443
4883473
4883688
4883872
4883972
4883978
4884023
4884174
4884277
4884451
4884535
4884653
4884714
4884773
4884958
4885026
4885157
4885165
4885197
4885418
4885497
4885870
4885923
4885935
4885944
4886001
4886015
4886204
4886210
4886242
4886316
4886347
4886454
4886510
4886628
4886743
4886744
4886767
4886799
4886805
4886858
4886889
4887199
4887231
4887276
4887369
4887466
4887625
4887747
4887757
4887767
4887792
4887966
4887979
4888026
4888064
4888101
4888120
4888155
4888298
4888379
4888488
4888679
4888857
4888967
4889023
4889144
4889203
4889430
4889502
4889585
4889703
4889706
4889745
4889818
4889910
4889920
4889950
4890014
4890126
4890185
4890271
4890402
4890568
4890589
4890829
4890891
4891172
4891207
4891255
4891281
4891306
4891377
4891412
4891575
4891598
4891738
4891908
4892124
4892310
4892379
4892382
4892447
4892578
4892587
4892883
4893275
4893313
4893351
4893362
4893483
4893833
4893921
4894041
4894050
4894117
4894153
4894345
4894407
4894709
4894820
4894839
4895011
4895043
4895049
4895802
4896047
4896050
4896121
4896139
4896287
4896712
4896740
4896905
4897126
4897354
4897367
4897602
4897732
4897752
4897824
4897908
4898100
4898162
4898324
4898417
4898452
4898497
4898505
4898531
4898555
4898749
4898873
4898891
4898978
4899054
4899059
4899194
4899271
4899353
4899405
4899439
4899611
4899860
4899873
4899980
4900001
4900396
4900501
4900554
4900688
4900761
4900946
4900962
4901001
4901037
4901057
4901084
4901199
4901567
4901610
4901775
4901793
4902104
4902134
4902171
4902215
4902228
4902292
4902295
4902376
4902614
4902616
4902666
4902940
4902941
4903026
4903125
4903515
4903586
4903764
4903837
4904004
4904049
4904057
4904376
4904407
4904504
4904636
4904936
4905145
4905176
4905310
4905451
4905716
4905739
4905810
4905858
4905903
4905999
4906038
4906170
4906182
4906229
4906275
4906299
4906657
4906715
4906797
4906939
4906940
4907076
4907120
4907262
4907308
4907322
4907453
4907472
4907477
4907491
4907526
4907545
4907589
4907699
4907755
4907841
4907899
4907939
4908012
4908264
4908275
4908340
4908385
4908590
4908772
4908884
4908933
4909104
4909135
4909251
4909265
4909266
4909283
4909351
4909369
4909418
4909453
4909462
4909493
4909600
4909649
4909708
4909767
4909900
4910036
4910244
4910364
4910407
4910440
4910560
4910593
4910708
4910764
4910788
4910806
4910990
4911275
4911691
4911731
4911741
4911941
4912002
4912035
4912087
4912135
4912156
4912183
4912197
4912439
4912601
4912677
4912811
4912835
4912918
4913137
4913164
4913208
4913250
4913546
4913582
4914052
4914085
4914217
4914276
4914308
4914338
4914363
4914478
4914491
4914499
4914664
4914831
4914837
4914873
4914961
4914981
4915395
4915410
4915510
4915574
4915679
4915787
4915853
4915914
4916024
4916267
4916281
4916437
4916504
4916600
4916602
4916647
4916873
4917181
4917241
4917397
4917625
4917642
4917789
4917809
4917876
4917997
4917998
4917999
4918207
4918264
4918369
4918456
4918712
4918743
4918754
4918814
4918898
4919041
4919155
4919215
4919288
4919304
4919373
4919408
4919501
4919502
4919621
4919679
4919733
4919910
4919933
4919941
4919982
4920016
4920066
4920164
4920496
4920542
4920548
4920683
4920805
4921002
4921084
4921151
4921265
4921576
4921649
4921685
4921781
4921905
4921909
4921923
4922188
4922275
4922591
4922716
4922772
4922791
4922868
4922986
4923015
4923017
4923020
4923033
4923069
4923178
4923329
4923363
4923386
4923420
4923459
4923753
4923858
4923927
4924008
4924020
4924037
4924043
4924078
4924204
4924217
4924272
4924467
4924605
4924629
4924649
4924677
4924702
4924871
4924960
4925000
4925008
4925058
4925069
4925311
4925387
4925468
4925779
4925813
4925903
4925936
4926166
4926190
4926204
4926224
4926425
4926489
4926709
4926999
4927003
4927014
4927103
4927147
4927243
4927338
4927408
4927518
4927556
4927570
4927619
4927630
4927688
4927726
4927744
4927757
4927805
4927950
4927958
4928032
4928209
4928300
4928434
4928467
4928509
4928515
4928528
4928545
4928666
4928689
4928952
4928985
4929039
4929064
4929100
4929113
4929136
4929236
4929308
4929309
4929315
4929320
4929326
4929457
4929468
4929798
4929825
4929848
4929894
4929902
4929913
4929956
4930046
4930067
4930074
4930211
4930253
4930306
4930385
4930453
4930588
4930778
4930894
4930987
4931070
4931245
4931414
4931460
4931508
4931838
4931870
4932130
4932171
4932302
4932380
4932390
4932445
4932495
4932582
4932674
4932745
4932798
4932924
4932929
4932957
4933130
4933273
493342
4933423
4933455
4933526
4933592
4933693
4933753
4933814
4933830
4934165
4934361
4934397
4934430
4934474
4934521
4934789
4934822
4934915
4934959
4934996
4935156
4935297
4935488
4935490
4935533
4935537
4935571
4935586
4935683
4935765
4935778
4935785
4935791
4935805
4935840
4935854
4935892
4935931
4936200
4936262
4936285
4936720
4936721
4936755
4936803
4936869
4936878
4936899
4936911
4936914
4937305
4937311
4937319
4937356
4937408
4937418
4937561
4937644
4937652
4937700
4937986
4937995
4938045
4938047
4938154
4938163
4938343
4938490
4938639
4938736
4938851
4938907
4938941
4939033
4939048
4939053
4939106
4939235
4939266
4939455
4939511
4939530
4939727
4939737
4939741
4939747
4939756
4939777
4939800
4939854
4939974
4940076
4940181
4940238
4940278
4940377
4940571
4940599
4940920
4940921
4940933
4940948
4940953
4940954
4941008
4941062
4941124
4941129
4941420
4941439
4941571
4941720
4941820
4941971
4942265
4942279
4942285
4942364
4942379
4942498
4942528
4942640
4942792
4942877
4943044
4943097
4943131
4943154
4943182
4943188
4943259
4943260
4943298
4943502
4943512
4943692
4943705
4943957
4943963
4944001
4944021
4944041
4944058
4944212
4944223
4944341
4944420
4944521
4945146
4945200
4945299
4945332
4945662
4945705
4945709
4945742
4945902
4945922
4946013
4946062
4946204
4946206
4946221
4946253
4946289
4946341
4946366
4946413
4946569
4946631
4946835
4946857
4946859
4947131
4947235
4947306
4947323
4947344
4947404
4947491
4947559
4947643
4947697
4947752
4947772
4947970
4948065
4948086
4948434
4948452
4948584
4948714
4948781
4948802
4948898
4948969
4948970
4949164
4949191
4949310
4949325
4949413
4949434
4949477
4949571
4949631
4949840
4950029
4950069
4950083
4950088
4950123
4950131
4950159
4950213
4950232
4950250
4950282
4950283
4950330
4950335
4950341
4950360
4950452
4950523
4950536
4950638
4950648
4950678
4950851
4950927
4950980
4951100
4951128
4951138
4951250
4951346
4951470
4951484
4951610
4951776
4951803
4951829
4951849
4951857
4952014
4952152
4952181
4952216
4952393
4952452
4952657
4952709
4953162
4953249
4953289
4953377
4953422
4953659
4953706
4953723
4953759
4953869
4953955
4953956
4953967
4954039
4954175
4954214
4954263
4954274
4954347
4954403
4954474
4954556
4954567
4954639
4954726
4954802
4955042
4955114
4955125
4955155
4955428
4955549
4955576
4955684
4955758
4955893
4955947
4955999
4956086
4956088
4956132
4956150
4956155
4956265
4956284
4956437
4956483
4956523
4956573
4956734
4956994
4957001
4957145
4957265
4957281
4957333
4957444
4957469
4957504
4957626
4957640
4957666
4957773
4958167
4958221
4958298
4958430
4958450
4958817
4958881
4959044
4959120
4959124
4959127
4959226
4959229
4959265
4959295
4959317
4959321
4959423
4959530
4959544
4959708
4959756
4959803
4959849
4959990
4960044
4960060
4960120
4960219
4960305
4960360
4960388
4960390
4960427
4960429
4960443
4960688
4960806
4961168
4961200
4961207
4961372
4961392
4961551
4961772
4961792
4961962
4962229
4962235
4962253
4962375
4962441
4962462
4962526
4962528
4962920
4962952
4963011
4963134
4963147
4963165
4963193
4963309
4963629
4963721
4963874
4964062
4964091
4964144
4964210
4964421
4964595
4964678
4964735
4964800
4964928
4964929
4965017
4965238
4965388
4965502
4965607
4965792
4965865
4965914
4965987
4966032
4966036
4966053
4966092
4966115
4966130
4966141
4966155
4966242
4966337
4966422
4966427
4966429
4966526
4966527
4966577
4966611
4966755
4967037
4967100
4967171
4967294
4967299
4967421
4967438
496761
4967627
4967698
4967718
4967840
4967852
4967966
4968084
4968142
4968227
4968322
4968351
4968413
4968423
4968448
4968806
4968960
4969008
4969143
4969405
4969407
4969440
4969522
4969561
4969584
4969615
4969623
4969825
4970010
4970012
4970067
4970162
4970330
4970332
4970406
4970441
4970472
4970546
4970610
4970667
4970712
4970740
4970778
4970872
4970957
4970995
4971072
4971274
4971478
4971565
4971713
4971765
4971837
4971917
4972052
4972126
4972144
4972175
4972188
4972241
4972342
4972394
4972576
4972583
4972648
4972723
4972805
4973058
4973086
4973356
4973386
4973444
4973482
4973559
4973598
4973600
4973602
4973654
4973655
4973732
4973747
4973848
4973938
4973971
4973972
4973993
4974031
4974045
4974067
4974159
4974186
4974266
4974277
4974284
4974493
4974622
4974657
4974742
4974761
4974882
4975019
4975123
4975138
4975343
4975460
4975509
4975525
4975651
4975654
4975667
4975676
4975693
4975721
4975783
4975904
4976135
4976137
4976150
4976349
4976368
4976524
4976580
4976600
4976618
4976780
4976801
4976809
4976817
4976923
4977013
4977030
4977082
4977085
4977213
4977254
4977316
4977319
4977321
4977380
4977411
4977466
4977524
4977566
4977581
4977583
4977630
4977745
4977748
4977753
4977775
4977824
4977837
4977839
4977860
4977881
4977882
4977914
4977953
4978028
4978057
4978076
4978275
4978283
4978360
4978416
4978430
4978517
4978529
4978588
4978631
4978709
4978739
4978748
4978823
4978919
4978965
4979059
4979101
4979106
4979124
4979128
4979132
4979172
4979174
4979180
4979229
4979296
4979336
4979604
4979743
4979773
4980019
4980154
4980277
4980304
4980425
4980475
4980565
4980623
4980781
4980843
4980887
4980925
4980942
4980958
4981112
4981137
4981237
4981243
4981340
4981406
4981452
4981778
4981819
4981838
4982040
4982190
4982205
4982213
4982254
4982276
4982356
4982370
4982443
4982598
4982799
4982904
4983146
4983325
4983362
4983427
4983483
4983557
4983566
4983573
4984364
4984612
4984685
4984706
4984715
4984818
4985033
4985388
4985649
4985690
4985764
4985767
4986057
4986156
4986176
4986350
4986477
4986533
4986579
4986580
4986596
4986769
4986925
4987073
4987097
4987120
4987154
4987167
4987452
4987565
4987573
4987653
4987824
4987907
4988049
4988139
4988217
4988226
4988383
4988474
4988485
4988568
4988578
4988611
4988640
4988646
4988763
4988808
4988915
4988982
4988991
4989101
4989518
4989538
4989606
4989614
4989789
4989834
4990050
4990140
4990282
4990284
4990321
4990373
4990398
4990399
4990465
4990468
4990577
4990633
4990662
4990672
4990679
4990692
4990698
499077
4990902
4990937
4991019
4991110
4991148
4991218
4991290
4991350
4991691
4991832
4992313
4992314
4992318
4992329
4992413
4992427
4992486
4992560
4992581
4992855
4992952
4992996
4993072
4993091
4993120
4993130
4993324
4993501
4993563
4993595
4993615
4993627
4993736
4993898
4993902
4993922
4994068
4994089
4994216
4994275
4994498
4994678
4994729
4994736
4994759
4994815
4994826
4994977
4995122
4995137
4995176
4995208
4995229
4995263
4995279
4995293
4995309
4995316
4995447
4995495
4995503
4995543
4995598
4995609
4995628
4995754
4995831
4995855
4996077
4996167
4996176
4996290
4996324
4996557
4996609
4996730
4996758
4996802
4996817
4996837
4996900
4996902
4996920
4996997
4997157
4997172
4997260
4997291
4997348
4997361
4997427
4997457
4997483
4997497
4997681
4997686
4997784
4997805
4997885
4997943
4998075
4998147
4998161
4998188
4998224
4998253
4998343
4998355
4998427
4998521
4998550
4998782
4998863
4998893
4999322
4999350
4999372
4999401
4999429
4999472
4999590
4999689
5000045
5000236
5000371
5000425
5000435
5000507
5000511
5000595
5000702
5000850
5000955
5001361
5001618
5001641
5001783
5001971
5001987
5002005
5002108
5002165
5002198
5002283
5002307
5002334
5002421
5002473
5002584
5002629
5002680
5002764
5002906
5002986
5003344
5003424
5003478
5003637
5003650
5003853
5003931
5004159
5004172
5004302
5004537
5004592
5004631
5004694
5004700
5004747
5004790
5004805
5004882
5004911
5005139
5005208
5005535
5005557
5005568
5005580
5005584
5005615
5005660
5005874
5005971
5006007
5006022
5006173
5006200
5006315
5006367
5006544
5006549
5006596
5006823
5006946
5007062
5007083
5007111
5007167
5007260
5007338
5007408
5007481
5007503
5007656
5007667
5007804
5008009
5008280
5008284
5008430
5008489
5008506
5008852
5008987
5009079
5009176
5009183
5009191
5009212
5009312
5009329
5009402
5009486
5009504
5009638
5009655
5009722
5009853
5009854
5009862
5009943
5010070
5010206
5010232
5010248
5010321
5010347
5010367
5010389
5010478
5010743
5010765
5010811
5010826
5010862
5010892
5010906
5010925
5010933
5010947
5010974
5011065
5011072
5011115
5011149
5011151
5011435
5011505
5011900
5011934
5012084
5012118
5012125
5012396
5012425
5012471
5012607
5012628
5012718
5012720
5012796
5012807
5013005
5013035
5013155
5013173
5013208
5013236
5013479
5013593
5013703
5013704
5013727
5013748
5013781
5013788
5013807
5013832
5014023
5014192
5014221
5014263
5014363
5014377
5014405
5014407
5014494
5014518
5014565
5014583
5014614
5014635
5014653
5014675
5014689
5014881
5014897
5015007
5015034
5015094
5015194
5015197
5015404
5015426
5015433
5015528
5015558
5015683
5015710
5015755
5015774
5015821
5015994
5016011
5016024
5016041
5016099
5016111
5016147
5016236
5016357
5016725
5016766
5017062
5017328
5017351
5017365
5017378
5017447
5017467
5017704
5017724
5017800
501783
5017914
5017917
5018106
5018149
5018157
5018186
5018188
5018217
5018243
5018316
5018443
5018491
5018495
5018858
5018905
5018960
5019013
5019079
5019086
5019110
5019387
5019398
5019401
5019486
5019488
5019497
5019514
5019565
5019644
5019706
5019772
5019797
5019812
5019833
5019857
5020024
5020101
5020165
5020196
5020359
5020665
5020668
5020680
5020690
5020695
5020696
5020812
5020816
5020871
5020925
5021056
5021109
5021123
5021233
5021327
5021449
5021662
5021685
5021782
5021941
5021966
5021968
5022057
5022091
5022122
5022231
5022263
5022306
5022329
5022439
5022562
5022588
5022636
5022658
5022685
5022698
5022785
5022943
5023000
5023013
5023049
5023059
5023086
5023137
5023164
5023258
5023287
5023362
5023427
5023439
5023568
5023581
5023591
5023855
5023977
5024256
5024369
5024457
5024548
5024611
5024629
5024664
5024668
5024810
5024858
5024979
5025088
5025094
5025100
5025144
5025169
5025208
5025247
5025597
5025629
5025806
5026363
5026461
5026698
5026832
5026989
5027106
5027112
5027178
5027206
5027219
5027229
5027240
5027275
5027296
5027313
5027421
5027456
5027595
5027776
5027808
5027897
5027999
5028016
5028096
5028176
5028189
5028221
5028382
5028394
5028655
5028878
5028948
5028964
5029053
5029070
5029075
5029131
5029331
5029397
5029435
5029554
5029621
5029670
5029673
5029918
5029976
5030119
5030414
5030453
5030637
5030652
5030841
5030950
5031058
5031066
5031078
5031142
5031173
5031187
5031191
5031226
5031357
5031391
5031401
5031406
5031416
5031428
5031435
5031450
5031530
5031533
5031576
5031660
5031794
5031844
5031884
5031901
5031915
5032009
5032012
5032044
5032057
5032077
5032090
5032353
5032536
5032598
5032638
5032645
5032749
5032781
5032845
5033042
5033117
5033131
5033146
5033149
5033171
5033433
5033612
5033692
5033773
5033797
5033840
5033942
5033961
5034016
5034065
5034098
5034177
5034257
5034440
5034567
5034613
5034755
5034809
5034815
5034848
5034857
5034872
5034875
5035023
5035116
5035142
5035264
5035675
5035778
5035837
5035918
5036013
5036026
5036123
5036198
5036224
5036234
5036468
5036515
5036691
5036744
5036797
5036826
5036898
5036926
5036991
5037010
5037173
5037180
5037310
5037338
5037433
5037434
5037461
5037476
5037496
5037497
5037502
5037562
5037583
5037698
5037729
5037843
5037945
5038004
5038095
5038139
5038183
5038314
5038315
5038361
5038404
5038608
5038652
5038674
5038795
5038848
5038876
5039104
5039164
5039200
5039311
5039356
5039386
5039464
5039545
5039609
5039653
5039746
5039853
5039900
5039935
5039963
5039999
5040094
5040183
5040188
5040288
5040456
5040479
5040570
5040674
5040717
5040743
5040771
5040917
5040927
5041113
5041136
5041199
5041302
5041559
5041611
5041859
5041871
5041873
5041909
5042009
5042070
5042133
5042169
5042189
5042195
5042288
5042457
5042459
5042475
5042534
5042602
5042669
5042815
5042963
5043080
5043196
5043246
5043410
5043462
5043497
5043527
5043702
5043716
5043785
5043870
5044079
5044125
5044126
5044207
5044220
5044254
5044373
5044383
5044390
5044651
5044728
5044814
5044846
5044861
5044894
5044901
5044930
5044980
5044982
5044984
5045120
5045277
5045382
5045409
5045475
5045476
5045739
5045768
5045863
5045966
5046094
5046109
5046164
5046203
5046229
5046270
5046350
5046563
5046664
5046901
5047113
5047138
5047160
5047176
5047257
5047262
5047322
5047346
5047348
5047374
5047375
5047399
5047457
5047736
5047782
5047800
5047828
5047864
5047916
5047932
5047980
5048040
5048131
5048142
5048223
5048255
5048283
5048294
5048360
5048413
5048469
5048580
5048688
5048689
504871
5048790
5048881
5048970
5048975
5049021
5049040
5049064
5049160
5049175
5049189
5049313
5049369
5049378
5049385
5049426
5049539
5049679
5049710
5049751
5049768
5049785
5049985
5050090
5050186
5050235
5050272
5050303
5050361
5050429
5050602
5050631
5050646
5050662
5050795
5051005
5051110
5051141
5051244
5051268
5051300
5051465
5051485
5051519
5051540
5051600
5051607
5051786
5051806
5051832
5051836
5051931
5052108
5052211
5052320
5052348
5052362
5052664
5052712
5052853
5052971
5052973
5053158
5053255
5053270
5053458
5053524
5053579
5053586
5053587
5053669
5053670
5053826
5053900
5054069
5054173
5054311
5054447
5054449
5054458
5054484
5054550
5054751
5054862
5054929
5054970
5055029
5055316
5055500
5055586
5055868
5055910
5055918
5055969
508391
512686
520228
52043
523805
526823
529554
534700
54107
551433
553330
554201
558725
562629
568228
573450
574005
579356
587179
589672
597227
599321
59969
60382
6064
615950
616718
617333
621899
625136
626962
630273
630720
63721
637276
640110
653991
655710
656081
657742
658364
661331
662430
665060
671222
671340
672130
674862
678489
678762
68048
681101
681461
687888
692227
694323
694935
694952
695033
703733
704478
705691
707675
708819
709649
719737
72280
725085
725855
725978
726163
737951
743497
752252
757856
76235
771665
772851
774195
77882
779907
783053
785444
785824
788982
790094
790096
797324
800552
802369
811921
813156
813813
815580
815812
815955
824263
828576
830072
840418
842703
845273
850263
850461
863243
867084
867586
86956
872968
874728
87687
880719
880866
884364
887208
895731
901622
902922
904776
906751
917290
920963
922885
926003
929759
937604
939727
940863
945256
945471
952093
95447
957367
967439
971446
971459
973450
976874
977282
977566
978660
979440
980960
984330
989050
993716
5035469
4999882
5043046
5048578
4938502
5055356
5055996
5050928
5054484
5055356
5056227
5034035
5051313
4872101
4159880
4705527
5000612
5055053
5043130
4990240
4996218
5054484
4654094
5008035
5015759
5053906
5022970
4579825
4398434
4926709
5050949
5030671
5043046
5053158
4964331
4237665
4453252
5055948
4703165
5056567
5034149
5056497
5056525
5034035
4863193
5056722
5056682
5048883
5000602
5056769
5046156
5010717
5010941
5008119
5056575
5027173
4243639
4973537
5031364
5056234
5056723
5029140
5013203
5016366
4157584
5006179
5000738
4931849
4982157
5007946
4863193
5017724
4560853
4957012
5053053
5055499
5054731
4469445
4913146
4747761
5043057
5036055
5031490
4924141
4957012
4863193
4980672
5054299
5056921
5051751
5057050
5057075
4666900
4948838
5056661
5057029
5056030
4943077
4903791
4383392
5056921
4863193
5051751
5056999
5020130
5041917
4762824
4960077
5055797
5041035
5057262
5050368
5053516
4994146
4955057
5056961
5044160
5045588
5057197
5027630
5049694
5020130
4994146
5056921
4863193
4560853
5041035
5050949
5045588
5055966
5057206
4849646
5057314
4870382
4409142
4974201
5057288
4418133
5050208
5010551
4716801
4366720
5057325
5048276
4054563
4968438
4729671
4863193
4914664
4608543
5057590
5048055
4911169
5057630
5049011
4353939
5055132
5057705
4858283
4997720
5050930
5051965
4859006
4800392
4735087
5057581
4409406
4974099
5056567
5057590
5031490
5055571
4957416
5057960
5034495
5057913
4768967
4664157
4525930
4542796
5057933
4674887
5056340
5011897
4729274
4957012
5031490
4608543
5049011
4542796
5056567
5057590
5058031
5057488
4941447
5028489
5058005
5041992
5023002
5058107
5056281
5058086
5030436
5049833
5016054
5052181
4892362
5058044
4975707
5031490
4957012
5011897
4542796
5058122
5009356
5050851
5057734
5058221
4272230
5058201
4932371
5044648
5023419
5055993
5043930
5055487
4984589
5056185
4873447
5058178
5006779
5041991
4923558
4612156
4957012
5031490
5040469
5011153
5058170
4806892
4733850
4703284
5058352
4063978
4585149
4130033
5052779
4844072
4969159
4064321
4946341
4957012
5010551
4849646
5028765
4229184
4949088
4799876
4968399
5044956
5058427
5058403
4579766
5050873
4984218
5043826
5042029
5058482
4135011
4671645
4950402
5020343
5052172
4503207
5025354
4073340
4949191
4473998
5026045
5056922
4873526
4636183
4499812
4583268
5048689
4075836
4863296
5058567
4909727
4728162
5058614
4071810
5057261
4168994
5043155
5058658
5058491
5002117
4399886
5006924
4958551
4734924
5058655
5036551
5058658
5058491
4661934
4904148
4914305
5056040
5058676
4870511
4448543
5040388
4184688
5032196
4834082
4192919
4944581
5057188
5051534
5058721
5058736
4056362
4060489
4894087
4059834
4068404
4058654
5057188
5058721
5051534
5055361
5058757
5027427
4910447
5011821
4974218
4965471
4332802
5058685
5050490
5036112
5055988
4049436
4050486
4832522
4862713
5049370
4987175
4049829
4053586
4051578
4046672
4045916
5045363
4839272
5058870
4909415
5044882
5010303
5058102
4779318
4995261
5039445
5056633
5012922
5056507
4794469
4840467
4043124
5058664
4185991
4045823
4041465
5050661
4035949
4039792
4796607
4039135
4034353
4560853
5059014
5032952
5059028
5058203
4917717
5034004
4993395
4944282
5045260
5058203
4560853
5041917
4608543
5011897
4960436
5059126
5059085
5055572
5050240
5041917
5011897
4957416
4957012
5030463
5059211
5059041
5052215
4941026
4840521
4936171
4241137
5058612
5005964
4623925
5052215
4957012
4991019
4932371
4852735
5048223
5056406
4932482
4637001
4630138
4385000
5014224
5016162
5059483
4960528
5059451
5044503
5056406
4630138
5052215
5014224
5006924
4794473
5057372
5043428
5011411
4817068
5049200
5059511
5015674
4760898
5054149
5024998
4934336
4699138
5059667
4736206
4630138
4663181
5056406
4954094
5059825
5056007
5059296
5058320
5049813
5037906
4947169
4624707
5007379
4787121
5056406
4630138
4663181
4903445
5060011
4935153
4979960
5002412
5055075
4939278
5037911
5055956
5060043
5057240
4922421
5059995
5060074
5058787
5059039
4911544
4723704
4532277
5060008
5056406
4630138
5045363
5058282
5060348
3818130
3919964
3975370
5060003
5054775
3892072
3896336
5018016
3926750
5033217
5059789
5037081
5060286
4747977
3923037
3877178
3830355
4003442
5017314
5058165
4000910
3908319
4004091
3815125
4034302
4787367
3961471
3967013
3970215
3811801
5054383
4011073
5041442
3881567
3870833
3836485
3970658
5020780
3829311
3927529
3934484
3963465
4023234
3819585
3994022
3868249
3848055
3869945
3890149
3929692
4029477
3859688
3832407
3993044
3819985
3825079
3963690
4003793
3882135
3973467
3898553
3988559
3841525
3879501
3980651
3872370
3985757
3827751
3859573
3863136
3852433
3925222
3869080
4003484
3941401
3991430
3817233
3828361
3850826
3884881
4029934
3833400
5053449
3988827
3917755
3875342
4008685
3862606
3838703
3993054
3924132
3999600
4023053
3870088
3932848
3905865
3991106
3868611
3992967
3885570
3986791
3854332
3895111
3853914
3909394
3984804
3828673
3975519
3970708
3950564
3969263
3970280
4024703
3826883
3818839
3860510
3842083
3861159
3858845
3813706
3860244
3847157
3849756
3830009
3993497
3869806
3949241
3920379
3928518
3930935
3935567
3938846
3940818
3947297
3963221
4006065
3997481
3995241
3994757
3981936
3988566
3989452
3990370
3873672
3918263
3910137
4016435
3875210
3875556
3875763
3876554
4022947
4017379
3882949
3908593
3891671
3894640
3895089
3901836
3903697
3907053
4006761
3894114
3945054
3890455
3829615
3815552
5012922
5045363
4083785
5056201
5055203
5060390
4989699
5060411
5059089
4850835
5060378
5060114
4131881
4479878
5060454
5053339
5056054
5060112
5031606
5031752
3964932
5012922
5045363
4957012
5060178
5060443
5039016
4301134
5059699
5034999
4967204
4802947
5039200
5011897
4957012
5045363
5016686
4838307
4900637
5021297
5060822
5060827
5021511
5053063
5060730
4301505
4251499
5055492
5014219
4957012
5045363
4983471
4879121
4613542
5060039
4944375
5061024
4789488
5061000
5060965
5057896
5056393
5060864
4945607
4905678
